-2.82950967819817 0.0903453558473996
-3.07120385649318 0.110907976717991
-3.02779849137902 0.750659795819817
-3.01196490221103 1.32085091802083
-3.01239606175936 0.334630590157545
-2.97318162294138 -0.00891654394695163
-2.92731585113153 1.3412016086587
-2.97668645867607 1.38839783085202
-2.96608861245114 2.77016421137266
-3.0551914666164 1.21266213525875
-2.96522986431974 2.46201731592414
-2.85154081948343 1.05515576420821
-2.9811674479084 2.24817840322541
-2.75567401762109 0.00195821618540548
-3.11534394853331 2.17091433113526
-3.08046716842136 -1.49658224967367
-2.95439308523215 0.606854230803524
-2.95796674298656 0.836556267429771
-2.94224155018151 1.70882276072363
-2.95536439400385 -0.162280433448219
-2.90827444714698 0.00744252301362025
-3.0107061540364 0.627946058687386
-2.90116646037595 0.910505501525955
-3.10722388020546 1.36993794515495
-3.07580152791299 1.49440985783734
-2.99049992815981 0.823847472184459
-3.23309311745801 1.59009687265353
-2.95824840183459 2.40602010938689
-3.11203274248973 1.56744077077217
-3.04746846958953 1.0741691654176
-3.15304121697266 0.216375206847667
-2.9584285180402 1.39973427378234
-2.9365802061235 1.12013070423016
-2.87691526467409 0.344441321412284
-3.01545636622849 2.32707651868979
-2.98854605523336 -0.210986875869985
-3.22262633055839 -0.824041625317997
-2.83642096588839 0.27134831899632
-3.0159320717687 0.928149708596012
-2.99717325395557 0.918405054417106
-3.15366532865692 -0.477241637004205
-2.99218422086674 0.782378789419544
-2.97496041915353 1.73340100780769
-2.97559128008089 -0.341397049236847
-2.92002617686257 0.23632670586586
-2.96585904420946 3.28784168238806
-2.97412823223021 1.63186249832882
-2.90461213828242 1.69833146766287
-2.88635852789109 1.01799453244423
-3.09842880195364 0.254077388258221
2.86965094046414 0.632411169052035
2.90812970269188 1.88113140172836
3.11332993312339 0.659904977827107
3.08178452748425 1.14812194428094
2.88257432472391 1.54018009425115
2.99115349284913 -0.00510612311726777
3.09889590797893 0.508212552579044
3.06572977261244 0.885187770697202
2.9786464019856 1.68389484778998
2.96572525106293 2.52194507641728
2.84363280890831 1.06762716947782
3.05196897273742 1.59508386075167
3.02495104027287 1.00643870314059
3.04246854714891 2.50356362257327
3.15433397025129 -0.0727283143155986
3.03375493097544 0.293336910607666
2.97223947476794 1.24486406787343
3.01664584051683 1.16692263073184
2.89644241622033 0.333673407276592
2.97195446707243 0.619156409526029
3.09634977311575 0.32022804957034
2.91964913806965 0.811046389806847
2.92886028557495 -0.668363594830261
2.89665313718901 0.075111503379967
3.05905209534935 1.32735516519859
3.09206435834935 -1.24106219143631
3.02365684892667 0.809532799833023
3.1146387476395 1.4349299704979
3.02291403545491 1.72200626325576
2.94283731758629 1.6190370104198
2.99813287443967 1.7405451928689
3.18052291195824 1.9595513618995
3.10349934691539 2.80504274692215
3.006650873168 0.162681103868038
3.08799107067994 -0.885957215831586
3.16735111676773 1.01576879676332
2.977811919235 0.507807687543705
2.95401656903027 0.476155908883406
2.95720485249956 0.528425942204838
3.01581402144509 0.825127771580856
2.97643475485004 0.387301014893049
3.04012608889117 0.459183245995022
2.90960117858597 -0.222312444103902
2.99315449230228 1.2095203394136
3.07748585673344 1.2511471064294
3.06136538523917 1.19497639078774
2.72695624121632 -0.0357072003268912
3.1707097499178 1.59651381263035
3.21794578455744 1.75191727549798
2.9103957611387 -0.245054436075081
0.0410640016394092 -0.0326670769019124
0.0778952218283408 0.101411393417112
0.111147745357556 -0.0917926467251538
0.0595094866656383 0.177793167609379
-0.239384533523602 0.0116008432142416
-0.124097687760441 0.244029680615326
0.0297801606593731 -0.276306654955941
-0.243859753936283 -0.161235043041609
-0.224980010917251 0.193416316033434
0.227161026232931 -0.204529726818058
-0.264511363496534 -0.171615981147041
-0.153355749061086 -0.329878581939325
-0.0764214924486992 -0.393020620240032
-0.400344972934038 0.032866884306049
-0.361660029268114 0.181830856572869
-0.0646553640224256 -0.410914079070699
0.237728363910583 -0.359372809467052
-0.434808651541552 0.0835347004737503
-0.290836080939696 0.360344326224823
0.0523097817293208 0.46758192190594
-0.320481144910426 -0.344794382697667
-0.480830835809431 0.134208638699327
-0.235858017595775 -0.550424685377585
0.367372373544394 0.483535234357203
0.311140403257192 -0.52319168741072
0.334689185624416 0.511583342172172
0.53931480856618 -0.307289297838869
-0.514260322731403 -0.356729396433891
-0.462772058095746 0.431345408211182
-0.595494996251019 0.33511660415792
-0.522882234618227 -0.45387041714875
0.307939676135422 0.628789908961168
-0.654180414627022 0.296982469566619
-0.649461129947128 -0.337192427401806
-0.626399658176698 -0.391778570357251
-0.244301626097055 0.723960593975913
0.358420018609392 0.685334358534254
0.525116787599407 -0.585468445363197
-0.53514779030348 0.601931910251927
-0.733362873942056 0.382329045032744
0.111913661186442 -0.822115533327361
-0.0120264913791274 0.843260524678235
0.825231083686702 -0.223056641372942
0.841856935706414 -0.163564833866997
0.699848444805288 0.507765419042135
0.503701860274343 0.7148304900642
-0.71953746839518 -0.512536055984545
0.823575236729564 0.327340316390699
-0.614415271939487 0.651954740159328
-0.82055626958828 0.39716674821078
0.162645652308465 0.918463128901324
-0.725001662935235 0.59021281711633
-0.302017342355016 -0.88987326390992
0.965102517126074 0.31763159450902
0.477753732423118 -0.906966869257937
1.01973574279278 0.11142721694138
0.289349334318247 0.992689260100978
-1.04934399376004 0.183650171409845
-0.806049365071422 0.718402548441898
0.879718051550987 0.65533527877323
0.531305804812997 0.992271790726431
1.09706087612065 0.321222063722139
1.14488738682264 0.0515318030559212
0.487618297186931 1.04480433492305
-1.0551989609154 0.466119110625022
1.13365951981509 -0.234753556368816
-0.974883452767313 -0.710967449840731
-0.988562086653361 0.703191658587157
0.387971022291518 -1.1844121759899
-1.09843438153219 0.632805026893061
0.828007656001503 0.998846345667786
-0.899067222940759 0.955722196661335
-0.431211799292205 1.27924805343982
0.409108057164242 -1.30189276542367
0.870029094667925 -1.08270575689235
1.28456944855241 -0.536014351786089
-0.779540309879098 -1.15518853190246
-1.13993573689882 -0.865001455092055
0.908274006461941 1.1589462369299
1.06237810028205 1.04209295024548
1.47812190114299 -0.301504370972981
1.11616773354554 -1.02095561467799
1.3950313284588 0.604512514677489
1.44568239860167 0.473889625255215
0.862419400983266 1.28743843229256
-0.923844395335162 -1.25385413629352
1.51426696627561 -0.413020230739805
0.537567228990484 -1.47745567635126
1.56393143330356 -0.314012798841105
0.116504392676723 1.60792283959436
1.21731936607344 -1.12920740651559
-0.594543076643893 -1.69181905913947
1.87423458826722 -0.748113747194379
-0.539894818910156 1.95025758981308
-1.62902161119121 -1.21876254087161
2.11202933443858 -0.34225905682711
1.78702278666595 1.23562673277629
0.00455867760874354 2.18330216054902
1.58987112344082 -1.5121885774226
-2.09807972996435 0.676261975033191
-2.75 -2.20699419930929
-2.63775510204082 -2.01327780133104
-2.52551020408163 -2.28384576331763
-2.41326530612245 -3.18174274133336
-2.30102040816327 -3.12039046611206
-2.18877551020408 -3.10166305699916
-2.0765306122449 -3.25584237087043
-1.96428571428571 -2.79505185799453
-1.85204081632653 -3.05443767419696
-1.73979591836735 -2.21070644522664
-1.62755102040816 -2.91159043428663
-1.51530612244898 -4.00384766606917
-1.4030612244898 -3.62324085171963
-1.29081632653061 -2.83957534214126
-1.17857142857143 -2.80836179051727
-1.06632653061224 -3.85063777267968
-0.954081632653061 -3.06444819557402
-0.841836734693878 -3.53794014374723
-0.729591836734694 -4.01521306733906
-0.61734693877551 -4.53323825781285
-0.505102040816327 -3.64408724588416
-0.392857142857143 -4.19642011863395
-0.280612244897959 -3.4553541243443
-0.168367346938775 -3.32591957476161
-0.056122448979592 -3.62857861464312
0.056122448979592 -4.50149285361336
0.168367346938775 -3.02490903009587
0.280612244897959 -3.79567757864975
0.392857142857143 -3.2759694182465
0.505102040816327 -3.99007028421039
0.61734693877551 -3.32703481094657
0.729591836734694 -3.79165871884697
0.841836734693878 -3.22517542591718
0.954081632653061 -3.9927285873045
1.06632653061224 -4.46064735820685
1.17857142857143 -3.677514082551
1.29081632653061 -4.24685029118316
1.4030612244898 -3.82267214241725
1.51530612244898 -3.29616125284585
1.62755102040816 -4.11689150785054
1.73979591836735 -3.28205629642567
1.85204081632653 -2.96229089727009
1.96428571428571 -3.47820949098022
2.0765306122449 -1.98035544561479
2.18877551020408 -2.54245665891077
2.30102040816327 -2.17304351327847
2.41326530612245 -2.95988307000439
2.52551020408163 -2.79505513398428
2.63775510204082 -1.39567771853249
2.75 -2.17530636416405
