4051.0776
4051.0807
4051.0843
4051.0874
4051.0907
4051.0938
4051.0975
4051.1006
4051.1039
4051.107
4051.1106
4051.1137
4051.117
4051.1201
4051.1237
4051.1268
4051.1301
4051.1332
4051.1369
4051.14
4051.1433
4051.1465
4051.15
4051.1533
4051.1564
4051.1597
4051.1628
4051.1664
4051.1695
4051.1728
4051.1759
4051.1795
4051.1827
4051.1859
4051.1891
4051.1927
4051.1958
4051.1991
4051.2022
4051.2058
4051.2089
4051.2122
4051.2153
4051.2189
4051.2221
4051.2253
4051.2286
4051.2321
4051.2354
4051.2385
4051.2418
4051.2449
4051.2485
4051.2516
4051.2549
4051.258
4051.2616
4051.2647
4051.268
4051.2711
4051.2748
4051.2779
4051.2812
4051.2843
4051.2879
4051.291
4051.2943
4051.2974
4051.301
4051.3041
4051.3074
4051.3107
4051.3142
4051.3174
4051.3206
4051.3239
4051.327
4051.3306
4051.3337
4051.337
4051.3401
4051.3437
4051.3468
4051.3501
4051.3532
4051.3569
4051.36
4051.3633
4051.3664
4051.37
4051.3731
4051.3764
4051.3795
4051.3831
4051.3862
4051.3895
4051.3928
4051.3963
4051.3995
4051.4027
4051.4059
4051.4091
4051.4127
4051.4158
4051.4191
4051.4222
4051.4258
4051.4289
4051.4322
4051.4353
4051.4389
4051.4421
4051.4453
4051.4485
4051.4521
4051.4552
4051.4585
4051.4616
4051.4652
4051.4683
4051.4716
4051.4749
4051.4784
4051.4816
4051.4848
4051.488
4051.4912
4051.4948
4051.4979
4051.5012
4051.5043
4051.5079
4051.511
4051.5143
4051.5174
4051.521
4051.5242
4051.5274
4051.5306
4051.5342
4051.5373
4051.5406
4051.5437
4051.5473
4051.5504
4051.5537
4051.557
4051.5604
4051.5637
4051.5669
4051.5701
4051.5733
4051.5769
4051.58
4051.5833
4051.5864
4051.59
4051.5931
4051.5964
4051.5995
4051.6031
4051.6063
4051.6095
4051.6127
4051.6163
4051.6194
4051.6227
4051.6258
4051.6294
4051.6325
4051.6358
4051.6391
4051.6425
4051.6458
4051.649
4051.6522
4051.6554
4051.659
4051.6621
4051.6654
4051.6685
4051.6721
4051.6752
4051.6785
4051.6816
4051.6852
4051.6884
4051.6916
4051.6948
4051.6984
4051.7015
4051.7048
4051.7079
4051.7115
4051.7146
4051.7179
4051.7212
4051.7247
4051.7279
4051.7311
4051.7343
4051.7375
4051.7411
4051.7442
4051.7475
4051.7506
4051.7542
4051.7573
4051.7606
4051.7637
4051.7674
4051.7705
4051.7738
4051.7769
4051.7805
4051.7836
4051.7869
4051.79
4051.7936
4051.7967
4051.8
4051.8033
4051.8068
4051.81
4051.8132
4051.8165
4051.8196
4051.8232
4051.8263
4051.8296
4051.8327
4051.8363
4051.8394
4051.8427
4051.8458
4051.8495
4051.8526
4051.8559
4051.859
4051.8626
4051.8657
4051.869
4051.8721
4051.8757
4051.8789
4051.8821
4051.8854
4051.8889
4051.8922
4051.8953
4051.8986
4051.9017
4051.9053
4051.9084
4051.9117
4051.9148
4051.9184
4051.9216
4051.9248
4051.928
4051.9316
4051.9347
4051.938
4051.9411
4051.9447
4051.9478
4051.9511
4051.9542
4051.9579
4051.961
4051.9643
4051.9675
4051.971
4051.9743
4051.9774
4051.9807
4051.9838
4051.9874
4051.9905
4051.9938
4051.9969
4052.0006
4052.0037
4052.007
4052.0101
4052.0137
4052.0168
4052.0201
4052.0232
4052.0268
4052.0299
4052.0332
4052.0364
4052.04
4052.0431
4052.0464
4052.0497
4052.0531
4052.0564
4052.0595
4052.0628
4052.0659
4052.0695
4052.0727
4052.0759
4052.0791
4052.0827
4052.0858
4052.0891
4052.0922
4052.0958
4052.0989
4052.1022
4052.1053
4052.1089
4052.1121
4052.1154
4052.1185
4052.1221
4052.1252
4052.1285
4052.1318
4052.1352
4052.1385
4052.1416
4052.1449
4052.148
4052.1517
4052.1548
4052.1581
4052.1612
4052.1648
4052.1679
4052.1712
4052.1743
4052.1779
4052.1811
4052.1843
4052.1875
4052.1911
4052.1942
4052.1975
4052.2006
4052.2042
4052.2073
4052.2106
4052.2139
4052.2174
4052.2206
4052.2238
4052.227
4052.2302
4052.2338
4052.2369
4052.2402
4052.2433
4052.2469
4052.25
4052.2533
4052.2564
4052.2601
4052.2632
4052.2665
4052.2696
4052.2732
4052.2763
4052.2796
4052.2827
4052.2863
4052.2895
4052.2927
4052.296
4052.2995
4052.3028
4052.3059
4052.3092
4052.3123
4052.3159
4052.319
4052.3223
4052.3254
4052.329
4052.3322
4052.3355
4052.3386
4052.3422
4052.3453
4052.3486
4052.3517
4052.3553
4052.3585
4052.3617
4052.3649
4052.3685
4052.3716
4052.3749
4052.3782
4052.3816
4052.3849
4052.388
4052.3913
4052.3944
4052.398
4052.4012
4052.4044
4052.4076
4052.4112
4052.4143
4052.4176
4052.4207
4052.4243
4052.4274
4052.4307
4052.4339
4052.4375
4052.4406
4052.4439
4052.447
4052.4506
4052.4537
4052.457
4052.4603
4052.4637
4052.467
4052.4702
4052.4734
4052.4766
4052.4802
4052.4833
4052.4866
4052.4897
4052.4933
4052.4964
4052.4997
4052.5028
4052.5065
4052.5096
4052.5129
4052.516
4052.5196
4052.5227
4052.526
4052.5291
4052.5327
4052.5359
4052.5392
4052.5424
4052.5459
4052.5492
4052.5523
4052.5556
4052.5587
4052.5623
4052.5654
4052.5687
4052.5718
4052.5755
4052.5786
4052.5819
4052.585
4052.5886
4052.5917
4052.595
4052.5981
4052.6017
4052.6049
4052.6081
4052.6113
4052.6149
4052.618
4052.6213
4052.6246
4052.628
4052.6313
4052.6344
4052.6377
4052.6408
4052.6445
4052.6476
4052.6509
4052.654
4052.6576
4052.6607
4052.664
4052.6671
4052.6707
4052.6739
4052.6772
4052.6803
4052.6839
4052.687
4052.6903
4052.6934
4052.697
4052.7002
4052.7034
4052.7067
4052.7102
4052.7135
4052.7166
4052.7199
4052.723
4052.7266
4052.7297
4052.733
4052.7361
4052.7397
4052.7429
4052.7462
4052.7493
4052.7529
4052.756
4052.7593
4052.7624
4052.766
4052.7692
4052.7724
4052.7756
4052.7792
4052.7823
4052.7856
4052.7889
4052.7923
4052.7956
4052.7987
4052.802
4052.8051
4052.8088
4052.8119
4052.8152
4052.8183
4052.8219
4052.825
4052.8283
4052.8314
4052.835
4052.8382
4052.8414
4052.8446
4052.8482
4052.8513
4052.8546
4052.8577
4052.8613
4052.8644
4052.8677
4052.871
4052.8745
4052.8778
4052.8809
4052.8842
4052.8873
4052.8909
4052.894
4052.8973
4052.9004
4052.904
4052.9072
4052.9105
4052.9136
4052.9172
4052.9203
4052.9236
4052.9267
4052.9303
4052.9335
4052.9367
4052.9399
4052.9435
4052.9466
4052.9499
4052.9532
4052.9566
4052.9599
4052.963
4052.9663
4052.9694
4052.9731
4052.9762
4052.9795
4052.9826
4052.9862
4052.9893
4052.9926
4052.9957
4052.9993
4053.0025
4053.0058
4053.0089
4053.0125
4053.0156
4053.0189
4053.022
4053.0256
4053.0288
4053.032
4053.0353
4053.0388
4053.0421
4053.0452
4053.0485
4053.0516
4053.0552
4053.0583
4053.0616
4053.0647
4053.0684
4053.0715
4053.0748
4053.0779
4053.0815
4053.0846
4053.0879
4053.091
4053.0947
4053.0978
4053.1011
4053.1042
4053.1078
4053.1109
4053.1142
4053.1175
4053.1209
4053.1242
4053.1274
4053.1306
4053.1338
4053.1374
4053.1405
4053.1438
4053.1469
4053.1505
4053.1536
4053.1569
4053.1601
4053.1637
4053.1668
4053.1701
4053.1732
4053.1768
4053.1799
4053.1832
4053.1863
4053.19
4053.1931
4053.1964
4053.1997
4053.2031
4053.2064
4053.2095
4053.2128
4053.2159
4053.2195
4053.2227
4053.226
4053.2291
4053.2327
4053.2358
4053.2391
4053.2422
4053.2458
4053.249
4053.2522
4053.2554
4053.259
4053.2621
4053.2654
4053.2685
4053.2721
4053.2753
4053.2785
4053.2818
4053.2853
4053.2886
4053.2917
4053.295
4053.2981
4053.3017
4053.3048
4053.3081
4053.3112
4053.3149
4053.318
4053.3213
4053.3244
4053.328
4053.3311
4053.3344
4053.3375
4053.3412
4053.3443
4053.3476
4053.3507
4053.3543
4053.3574
4053.3607
4053.364
4053.3675
4053.3707
4053.3739
4053.3771
4053.3803
4053.3839
4053.387
4053.3903
4053.3934
4053.397
4053.4002
4053.4034
4053.4066
4053.4102
4053.4133
4053.4166
4053.4197
4053.4233
4053.4265
4053.4297
4053.4329
4053.4365
4053.4396
4053.4429
4053.4462
4053.4496
4053.4529
4053.456
4053.4593
4053.4624
4053.4661
4053.4692
4053.4725
4053.4756
4053.4792
4053.4823
4053.4856
4053.4887
4053.4924
4053.4955
4053.4988
4053.5019
4053.5055
4053.5086
4053.5119
4053.515
4053.5187
4053.5218
4053.5251
4053.5284
4053.5318
4053.5351
4053.5382
4053.5415
4053.5446
4053.5482
4053.5514
4053.5547
4053.5578
4053.5614
4053.5645
4053.5678
4053.5709
4053.5745
4053.5777
4053.5809
4053.5841
4053.5877
4053.5908
4053.5941
4053.5972
4053.6008
4053.604
4053.6072
4053.6105
4053.614
4053.6173
4053.6204
4053.6237
4053.6268
4053.6304
4053.6335
4053.6368
4053.64
4053.6436
4053.6467
4053.65
4053.6531
4053.6567
4053.6598
4053.6631
4053.6663
4053.6699
4053.673
4053.6763
4053.6794
4053.683
4053.6861
4053.6894
4053.6927
4053.6962
4053.6995
4053.7026
4053.7059
4053.709
4053.7126
4053.7157
4053.719
4053.7221
4053.7258
4053.7289
4053.7322
4053.7353
4053.7389
4053.742
4053.7453
4053.7484
4053.7521
4053.7552
4053.7585
4053.7616
4053.7652
4053.7683
4053.7716
4053.7749
4053.7784
4053.7816
4053.7848
4053.7881
4053.7912
4053.7948
4053.7979
4053.8012
4053.8043
4053.8079
4053.8111
4053.8144
4053.8175
4053.8211
4053.8242
4053.8275
4053.8306
4053.8342
4053.8374
4053.8407
4053.8438
4053.8474
4053.8505
4053.8538
4053.8571
4053.8605
4053.8638
4053.867
4053.8702
4053.8734
4053.877
4053.8801
4053.8834
4053.8865
4053.8901
4053.8933
4053.8966
4053.8997
4053.9033
4053.9064
4053.9097
4053.9128
4053.9164
4053.9196
4053.9229
4053.926
4053.9296
4053.9327
4053.936
4053.9393
4053.9427
4053.946
4053.9492
4053.9524
4053.9556
4053.9592
4053.9623
4053.9656
4053.9687
4053.9723
4053.9755
4053.9787
4053.9819
4053.9855
4053.9886
4053.9919
4053.995
4053.9986
4054.0018
4054.0051
4054.0082
4054.0118
4054.0149
4054.0182
4054.0215
4054.0249
4054.0282
4054.0314
4054.0346
4054.0378
4054.0414
4054.0445
4054.0478
4054.0509
4054.0545
4054.0577
4054.0609
4054.0641
4054.0677
4054.0708
4054.0741
4054.0772
4054.0808
4054.084
4054.0873
4054.0904
4054.094
4054.0971
4054.1004
4054.1037
4054.1071
4054.1104
4054.1136
4054.1168
4054.12
4054.1236
4054.1267
4054.13
4054.1331
4054.1367
4054.1399
4054.1431
4054.1463
4054.1499
4054.153
4054.1563
4054.1594
4054.163
4054.1662
4054.1695
4054.1726
4054.1762
4054.1793
4054.1826
4054.1859
4054.1893
4054.1926
4054.1958
4054.199
4054.2022
4054.2058
4054.2089
4054.2122
4054.2153
4054.2189
4054.2221
4054.2254
4054.2285
4054.2321
4054.2352
4054.2385
4054.2416
4054.2453
4054.2484
4054.2517
4054.2548
4054.2584
4054.2615
4054.2648
4054.2681
4054.2716
4054.2748
4054.278
4054.2813
4054.2844
4054.288
4054.2911
4054.2944
4054.2975
4054.3012
4054.3043
4054.3076
4054.3107
4054.3143
4054.3174
4054.3207
4054.3238
4054.3275
4054.3306
4054.3339
4054.337
4054.3406
4054.3437
4054.347
4054.3503
4054.3538
4054.3571
4054.3602
4054.3635
4054.3666
4054.3702
4054.3733
4054.3766
4054.3797
4054.3834
4054.3865
4054.3898
4054.3929
4054.3965
4054.3996
4054.4029
4054.4061
4054.4097
4054.4128
4054.4161
4054.4192
4054.4228
4054.426
4054.4292
4054.4325
4054.436
4054.4393
4054.4424
4054.4457
4054.4488
4054.4524
4054.4556
4054.4588
4054.462
4054.4656
4054.4687
4054.472
4054.4751
4054.4787
4054.4819
4054.4851
4054.4883
4054.4919
4054.495
4054.4983
4054.5014
4054.505
4054.5082
4054.5115
4054.5147
4054.5182
4054.5215
4054.5246
4054.5279
4054.531
4054.5346
4054.5378
4054.5411
4054.5442
4054.5478
4054.5509
4054.5542
4054.5573
4054.561
4054.5641
4054.5674
4054.5705
4054.5741
4054.5772
4054.5805
4054.5836
4054.5873
4054.5904
4054.5937
4054.597
4054.6004
4054.6037
4054.6068
4054.6101
4054.6132
4054.6169
4054.62
4054.6233
4054.6264
4054.63
4054.6331
4054.6364
4054.6396
4054.6432
4054.6463
4054.6496
4054.6527
4054.6563
4054.6595
4054.6627
4054.6659
4054.6695
4054.6726
4054.6759
4054.6792
4054.6826
4054.6859
4054.6891
4054.6924
4054.6955
4054.6991
4054.7022
4054.7055
4054.7086
4054.7122
4054.7154
4054.7187
4054.7218
4054.7254
4054.7285
4054.7318
4054.7349
4054.7386
4054.7417
4054.745
4054.7481
4054.7517
4054.7548
4054.7581
4054.7614
4054.7649
4054.7682
4054.7713
4054.7746
4054.7777
4054.7813
4054.7844
4054.7877
4054.7909
4054.7945
4054.7976
4054.8009
4054.804
4054.8076
4054.8108
4054.814
4054.8172
4054.8208
4054.8239
4054.8272
4054.8303
4054.8339
4054.8371
4054.8404
4054.8437
4054.8471
4054.8504
4054.8535
4054.8568
4054.8599
4054.8636
4054.8667
4054.87
4054.8731
4054.8767
4054.8798
4054.8831
4054.8863
4054.8899
4054.893
4054.8963
4054.8994
4054.903
4054.9062
4054.9094
4054.9126
4054.9162
4054.9193
4054.9226
4054.9259
4054.9293
4054.9326
4054.9358
4054.939
4054.9422
4054.9458
4054.9489
4054.9522
4054.9553
4054.9589
4054.9621
4054.9654
4054.9685
4054.9721
4054.9752
4054.9785
4054.9816
4054.9853
4054.9884
4054.9917
4054.9948
4054.9984
4055.0015
4055.0048
4055.0081
4055.0116
4055.0149
4055.018
4055.0213
4055.0244
4055.028
4055.0312
4055.0344
4055.0376
4055.0412
4055.0443
4055.0476
4055.0507
4055.0543
4055.0575
4055.0608
4055.0639
4055.0675
4055.0706
4055.0739
4055.077
4055.0807
4055.0838
4055.0871
4055.0904
4055.0938
4055.0971
4055.1002
4055.1035
4055.1067
4055.1103
4055.1134
4055.1167
4055.1198
4055.1234
4055.1266
4055.1298
4055.133
4055.1366
4055.1397
4055.143
4055.1461
4055.1497
4055.1529
4055.1562
4055.1593
4055.1629
4055.166
4055.1693
4055.1726
4055.1761
4055.1794
4055.1825
4055.1858
4055.1889
4055.1925
4055.1956
4055.1989
4055.2021
4055.2057
4055.2088
4055.2121
4055.2152
4055.2188
4055.222
4055.2253
4055.2284
4055.232
4055.2351
4055.2384
4055.2415
4055.2452
4055.2483
4055.2516
4055.2549
4055.2583
4055.2616
4055.2647
4055.268
4055.2711
4055.2748
4055.2779
4055.2812
4055.2843
4055.2879
4055.2911
4055.2943
4055.2975
4055.3011
4055.3042
4055.3075
4055.3106
4055.3142
4055.3174
4055.3207
4055.3238
4055.3274
4055.3305
4055.3338
4055.3371
4055.3406
4055.3439
4055.347
4055.3503
4055.3534
4055.357
4055.3601
4055.3634
4055.3666
4055.3702
4055.3733
4055.3766
4055.3797
4055.3833
4055.3865
4055.3898
4055.3929
4055.3965
4055.3996
4055.4029
4055.406
4055.4097
4055.4128
4055.4161
4055.4194
4055.4228
4055.4261
4055.4292
4055.4325
4055.4357
4055.4393
4055.4424
4055.4457
4055.4488
4055.4524
4055.4556
4055.4588
4055.462
4055.4656
4055.4687
4055.472
4055.4751
4055.4788
4055.4819
4055.4852
4055.4883
4055.4919
4055.495
4055.4983
4055.5016
4055.5051
4055.5084
4055.5115
4055.5148
4055.5179
4055.5215
4055.5247
4055.5279
4055.5311
4055.5347
4055.5378
4055.5411
4055.5442
4055.5479
4055.551
4055.5543
4055.5574
4055.561
4055.5641
4055.5674
4055.5706
4055.5742
4055.5773
4055.5806
4055.5839
4055.5873
4055.5906
4055.5938
4055.597
4055.6002
4055.6038
4055.6069
4055.6102
4055.6133
4055.617
4055.6201
4055.6234
4055.6265
4055.6301
4055.6332
4055.6365
4055.6397
4055.6433
4055.6464
4055.6497
4055.6528
4055.6564
4055.6596
4055.6629
4055.6662
4055.6696
4055.6729
4055.676
4055.6793
4055.6824
4055.6861
4055.6892
4055.6925
4055.6956
4055.6992
4055.7023
4055.7056
4055.7088
4055.7124
4055.7155
4055.7188
4055.7219
4055.7255
4055.7287
4055.732
4055.7351
4055.7387
4055.7418
4055.7451
4055.7484
4055.7519
4055.7552
4055.7583
4055.7616
4055.7647
4055.7683
4055.7715
4055.7747
4055.7779
4055.7815
4055.7846
4055.7879
4055.791
4055.7947
4055.7978
4055.8011
4055.8042
4055.8078
4055.8109
4055.8142
4055.8174
4055.821
4055.8241
4055.8274
4055.8307
4055.8341
4055.8374
4055.8406
4055.8439
4055.847
4055.8506
4055.8537
4055.857
4055.8601
4055.8638
4055.8669
4055.8702
4055.8733
4055.8769
4055.8801
4055.8833
4055.8865
4055.8901
4055.8932
4055.8965
4055.8996
4055.9033
4055.9064
4055.9097
4055.913
4055.9164
4055.9197
4055.9228
4055.9261
4055.9293
4055.9329
4055.936
4055.9393
4055.9424
4055.946
4055.9492
4055.9525
4055.9556
4055.9592
4055.9623
4055.9656
4055.9687
4055.9724
4055.9755
4055.9788
4055.9819
4055.9855
4055.9887
4055.992
4055.9952
4055.9987
4056.002
4056.0051
4056.0084
4056.0115
4056.0152
4056.0183
4056.0216
4056.0247
4056.0283
4056.0314
4056.0347
4056.0379
4056.0415
4056.0446
4056.0479
4056.051
4056.0546
4056.0578
4056.0611
4056.0642
4056.0678
4056.0709
4056.0742
4056.0775
4056.081
4056.0843
4056.0874
4056.0907
4056.0938
4056.0974
4056.1006
4056.1039
4056.107
4056.1106
4056.1137
4056.117
4056.1201
4056.1238
4056.1269
4056.1302
4056.1333
4056.1369
4056.1401
4056.1434
4056.1465
4056.1501
4056.1532
4056.1565
4056.1598
4056.1633
4056.1666
4056.1697
4056.173
4056.1761
4056.1797
4056.1828
4056.1861
4056.1893
4056.1929
4056.196
4056.1993
4056.2024
4056.2061
4056.2092
4056.2125
4056.2156
4056.2192
4056.2223
4056.2256
4056.2288
4056.2324
4056.2355
4056.2388
4056.2421
4056.2456
4056.2488
4056.252
4056.2553
4056.2584
4056.262
4056.2651
4056.2684
4056.2716
4056.2752
4056.2783
4056.2816
4056.2847
4056.2883
4056.2915
4056.2948
4056.2979
4056.3015
4056.3046
4056.3079
4056.3111
4056.3147
4056.3178
4056.3211
4056.3244
4056.3278
4056.3311
4056.3343
4056.3376
4056.3407
4056.3443
4056.3474
4056.3507
4056.3538
4056.3575
4056.3606
4056.3639
4056.367
4056.3706
4056.3738
4056.3771
4056.3802
4056.3838
4056.3869
4056.3902
4056.3934
4056.397
4056.4001
4056.4034
4056.4067
4056.4101
4056.4134
4056.4166
4056.4198
4056.423
4056.4266
4056.4297
4056.433
4056.4361
4056.4398
4056.4429
4056.4462
4056.4493
4056.4529
4056.4561
4056.4594
4056.4625
4056.4661
4056.4692
4056.4725
4056.4756
4056.4793
4056.4824
4056.4857
4056.489
4056.4924
4056.4957
4056.4989
4056.5021
4056.5053
4056.5089
4056.512
4056.5153
4056.5184
4056.5221
4056.5252
4056.5285
4056.5316
4056.5352
4056.5384
4056.5417
4056.5448
4056.5484
4056.5515
4056.5548
4056.5579
4056.5616
4056.5647
4056.568
4056.5713
4056.5747
4056.578
4056.5812
4056.5845
4056.5876
4056.5912
4056.5943
4056.5976
4056.6007
4056.6044
4056.6075
4056.6108
4056.6139
4056.6175
4056.6207
4056.624
4056.6271
4056.6307
4056.6338
4056.6371
4056.6403
4056.6439
4056.647
4056.6503
4056.6536
4056.657
4056.6603
4056.6635
4056.6668
4056.6699
4056.6735
4056.6766
4056.6799
4056.6831
4056.6867
4056.6898
4056.6931
4056.6962
4056.6998
4056.703
4056.7063
4056.7094
4056.713
4056.7161
4056.7194
4056.7226
4056.7262
4056.7293
4056.7326
4056.7359
4056.7394
4056.7426
4056.7458
4056.7491
4056.7522
4056.7558
4056.7589
4056.7622
4056.7654
4056.769
4056.7721
4056.7754
4056.7785
4056.7822
4056.7853
4056.7886
4056.7917
4056.7953
4056.7985
4056.8017
4056.8049
4056.8085
4056.8116
4056.8149
4056.8182
4056.8217
4056.825
4056.8281
4056.8314
4056.8345
4056.8381
4056.8413
4056.8445
4056.8477
4056.8513
4056.8544
4056.8577
4056.8608
4056.8645
4056.8676
4056.8709
4056.874
4056.8776
4056.8808
4056.8841
4056.8872
4056.8908
4056.8939
4056.8972
4056.9005
4056.904
4056.9073
4056.9104
4056.9137
4056.9168
4056.9204
4056.9236
4056.9269
4056.93
4056.9336
4056.9367
4056.94
4056.9432
4056.9468
4056.9499
4056.9532
4056.9563
4056.96
4056.9631
4056.9664
4056.9695
4056.9731
4056.9763
4056.9795
4056.9828
4056.9863
4056.9896
4056.9927
4056.996
4056.9991
4057.0028
4057.0059
4057.0092
4057.0123
4057.0159
4057.0191
4057.0224
4057.0255
4057.0291
4057.0322
4057.0355
4057.0387
4057.0423
4057.0454
4057.0487
4057.0518
4057.0554
4057.0586
4057.0619
4057.0652
4057.0686
4057.0719
4057.075
4057.0783
4057.0815
4057.0851
4057.0882
4057.0915
4057.0946
4057.0983
4057.1014
4057.1047
4057.1078
4057.1114
4057.1146
4057.1178
4057.121
4057.1246
4057.1277
4057.131
4057.1341
4057.1378
4057.1409
4057.1442
4057.1475
4057.1509
4057.1542
4057.1574
4057.1607
4057.1638
4057.1674
4057.1705
4057.1738
4057.177
4057.1806
4057.1837
4057.187
4057.1901
4057.1938
4057.1969
4057.2002
4057.2033
4057.2069
4057.2101
4057.2133
4057.2165
4057.2201
4057.2232
4057.2265
4057.2298
4057.2333
4057.2366
4057.2397
4057.243
4057.2461
4057.2497
4057.2529
4057.2562
4057.2593
4057.2629
4057.266
4057.2693
4057.2725
4057.2761
4057.2792
4057.2825
4057.2856
4057.2893
4057.2924
4057.2957
4057.2988
4057.3024
4057.3056
4057.3089
4057.3121
4057.3156
4057.3189
4057.322
4057.3253
4057.3284
4057.3321
4057.3352
4057.3385
4057.3416
4057.3452
4057.3484
4057.3517
4057.3548
4057.3584
4057.3615
4057.3648
4057.368
4057.3716
4057.3747
4057.378
4057.3811
4057.3848
4057.3879
4057.3912
4057.3945
4057.3979
4057.4012
4057.4044
4057.4077
4057.4108
4057.4144
4057.4175
4057.4208
4057.424
4057.4276
4057.4307
4057.434
4057.4371
4057.4408
4057.4439
4057.4472
4057.4503
4057.4539
4057.4571
4057.4603
4057.4635
4057.4671
4057.4702
4057.4735
4057.4768
4057.4803
4057.4836
4057.4867
4057.49
4057.4931
4057.4967
4057.4999
4057.5032
4057.5063
4057.5099
4057.513
4057.5163
4057.5195
4057.5231
4057.5262
4057.5295
4057.5326
4057.5363
4057.5394
4057.5427
4057.5458
4057.5494
4057.5526
4057.5559
4057.5592
4057.5626
4057.5659
4057.569
4057.5723
4057.5755
4057.5791
4057.5822
4057.5855
4057.5886
4057.5923
4057.5954
4057.5987
4057.6018
4057.6054
4057.6086
4057.6119
4057.615
4057.6186
4057.6217
4057.625
4057.6282
4057.6318
4057.6349
4057.6382
4057.6415
4057.645
4057.6483
4057.6514
4057.6547
4057.6578
4057.6614
4057.6646
4057.6679
4057.671
4057.6746
4057.6777
4057.681
4057.6842
4057.6878
4057.6909
4057.6942
4057.6973
4057.701
4057.7041
4057.7074
4057.7105
4057.7141
4057.7173
4057.7206
4057.7239
4057.7273
4057.7306
4057.7337
4057.737
4057.7402
4057.7438
4057.7469
4057.7502
4057.7533
4057.757
4057.7601
4057.7634
4057.7665
4057.7701
4057.7733
4057.7766
4057.7797
4057.7833
4057.7864
4057.7897
4057.7929
4057.7965
4057.7996
4057.8029
4057.8062
4057.8097
4057.813
4057.8161
4057.8194
4057.8225
4057.8261
4057.8293
4057.8326
4057.8357
4057.8393
4057.8424
4057.8457
4057.8489
4057.8525
4057.8556
4057.8589
4057.862
4057.8657
4057.8688
4057.8721
4057.8752
4057.8788
4057.882
4057.8853
4057.8886
4057.892
4057.8953
4057.8984
4057.9017
4057.9049
4057.9085
4057.9116
4057.9149
4057.918
4057.9217
4057.9248
4057.9281
4057.9312
4057.9348
4057.938
4057.9413
4057.9444
4057.948
4057.9512
4057.9544
4057.9576
4057.9612
4057.9643
4057.9676
4057.9709
4057.9744
4057.9777
4057.9808
4057.9841
4057.9872
4057.9908
4057.994
4057.9973
4058.0004
4058.004
4058.0072
4058.0105
4058.0136
4058.0172
4058.0203
4058.0236
4058.0268
4058.0304
4058.0335
4058.0368
4058.0399
4058.0436
4058.0467
4058.05
4058.0533
4058.0567
4058.06
4058.0632
4058.0665
4058.0696
4058.0732
4058.0763
4058.0796
4058.0828
4058.0864
4058.0895
4058.0928
4058.0959
4058.0996
4058.1027
4058.106
4058.1091
4058.1127
4058.1159
4058.1192
4058.1223
4058.1259
4058.1291
4058.1323
4058.1356
4058.1391
4058.1424
4058.1455
4058.1488
4058.152
4058.1556
4058.1587
4058.162
4058.1651
4058.1688
4058.1719
4058.1752
4058.1783
4058.1819
4058.1851
4058.1884
4058.1915
4058.1951
4058.1982
4058.2015
4058.2047
4058.2083
4058.2114
4058.2147
4058.218
4058.2215
4058.2248
4058.2279
4058.2312
4058.2343
4058.2379
4058.2411
4058.2444
4058.2475
4058.2511
4058.2543
4058.2575
4058.2607
4058.2643
4058.2674
4058.2707
4058.2739
4058.2775
4058.2806
4058.2839
4058.287
4058.2907
4058.2938
4058.2971
4058.3004
4058.3038
4058.3071
4058.3103
4058.3136
4058.3167
4058.3203
4058.3234
4058.3267
4058.3299
4058.3335
4058.3366
4058.3399
4058.3431
4058.3467
4058.3498
4058.3531
4058.3562
4058.3599
4058.363
4058.3663
4058.3694
4058.373
4058.3762
4058.3795
4058.3828
4058.3862
4058.3895
4058.3926
4058.3959
4058.3991
4058.4027
4058.4058
4058.4091
4058.4122
4058.4159
4058.419
4058.4223
4058.4254
4058.4291
4058.4322
4058.4355
4058.4386
4058.4422
4058.4454
4058.4487
4058.4518
4058.4554
4058.4585
4058.4618
4058.4651
4058.4686
4058.4719
4058.475
4058.4783
4058.4814
4058.4851
4058.4882
4058.4915
4058.4946
4058.4983
4058.5014
4058.5047
4058.5078
4058.5114
4058.5146
4058.5179
4058.521
4058.5246
4058.5277
4058.531
4058.5342
4058.5378
4058.5409
4058.5442
4058.5475
4058.551
4058.5543
4058.5574
4058.5607
4058.5638
4058.5675
4058.5706
4058.5739
4058.577
4058.5806
4058.5838
4058.5871
4058.5902
4058.5938
4058.5969
4058.6002
4058.6034
4058.607
4058.6101
4058.6134
4058.6166
4058.6202
4058.6233
4058.6266
4058.6299
4058.6334
4058.6367
4058.6398
4058.6431
4058.6462
4058.6498
4058.653
4058.6563
4058.6594
4058.663
4058.6662
4058.6694
4058.6726
4058.6762
4058.6793
4058.6826
4058.6858
4058.6894
4058.6925
4058.6958
4058.6989
4058.7026
4058.7057
4058.709
4058.7123
4058.7158
4058.719
4058.7222
4058.7255
4058.7286
4058.7322
4058.7354
4058.7387
4058.7418
4058.7454
4058.7485
4058.7518
4058.755
4058.7586
4058.7617
4058.765
4058.7682
4058.7718
4058.7749
4058.7782
4058.7813
4058.785
4058.7881
4058.7914
4058.7947
4058.7981
4058.8014
4058.8046
4058.8079
4058.811
4058.8146
4058.8178
4058.821
4058.8242
4058.8278
4058.8309
4058.8342
4058.8374
4058.841
4058.8441
4058.8474
4058.8505
4058.8542
4058.8573
4058.8606
4058.8637
4058.8674
4058.8705
4058.8738
4058.8771
4058.8805
4058.8838
4058.887
4058.8903
4058.8934
4058.897
4058.9001
4058.9034
4058.9066
4058.9102
4058.9133
4058.9166
4058.9198
4058.9234
4058.9265
4058.9298
4058.9329
4058.9366
4058.9397
4058.943
4058.9461
4058.9498
4058.9529
4058.9562
4058.9595
4058.9629
4058.9662
4058.9694
4058.9727
4058.9758
4058.9794
4058.9825
4058.9858
4058.989
4058.9926
4058.9957
4058.999
4059.0022
4059.0058
4059.0089
4059.0122
4059.0153
4059.019
4059.0221
4059.0254
4059.0285
4059.0322
4059.0353
4059.0386
4059.0419
4059.0453
4059.0486
4059.0518
4059.0551
4059.0582
4059.0618
4059.065
4059.0682
4059.0714
4059.075
4059.0781
4059.0814
4059.0846
4059.0882
4059.0913
4059.0946
4059.0977
4059.1014
4059.1045
4059.1078
4059.1109
4059.1146
4059.1177
4059.121
4059.1243
4059.1277
4059.131
4059.1342
4059.1375
4059.1406
4059.1442
4059.1474
4059.1507
4059.1538
4059.1574
4059.1605
4059.1638
4059.167
4059.1706
4059.1737
4059.177
4059.1802
4059.1838
4059.1869
4059.1902
4059.1933
4059.197
4059.2001
4059.2034
4059.2067
4059.2102
4059.2134
4059.2166
4059.2199
4059.223
4059.2266
4059.2298
4059.2331
4059.2362
4059.2398
4059.243
4059.2462
4059.2494
4059.253
4059.2561
4059.2594
4059.2626
4059.2662
4059.2693
4059.2726
4059.2758
4059.2794
4059.2825
4059.2858
4059.2891
4059.2926
4059.2959
4059.299
4059.3023
4059.3054
4059.309
4059.3122
4059.3155
4059.3186
4059.3222
4059.3254
4059.3287
4059.3318
4059.3354
4059.3386
4059.3418
4059.345
4059.3486
4059.3517
4059.355
4059.3582
4059.3618
4059.3649
4059.3682
4059.3715
4059.375
4059.3783
4059.3814
4059.3847
4059.3878
4059.3915
4059.3946
4059.3979
4059.401
4059.4046
4059.4078
4059.4111
4059.4142
4059.4178
4059.421
4059.4243
4059.4274
4059.431
4059.4342
4059.4375
4059.4406
4059.4442
4059.4473
4059.4506
4059.4539
4059.4574
4059.4607
4059.4638
4059.4671
4059.4703
4059.4739
4059.477
4059.4803
4059.4834
4059.4871
4059.4902
4059.4935
4059.4966
4059.5003
4059.5034
4059.5067
4059.5098
4059.5134
4059.5166
4059.5199
4059.523
4059.5266
4059.5298
4059.5331
4059.5364
4059.5398
4059.5431
4059.5462
4059.5495
4059.5527
4059.5563
4059.5594
4059.5627
4059.5659
4059.5695
4059.5726
4059.5759
4059.5791
4059.5827
4059.5858
4059.5891
4059.5922
4059.5959
4059.599
4059.6023
4059.6054
4059.6091
4059.6122
4059.6155
4059.6188
4059.6222
4059.6255
4059.6287
4059.632
4059.6351
4059.6387
4059.6419
4059.6452
4059.6483
4059.6519
4059.6551
4059.6583
4059.6615
4059.6651
4059.6682
4059.6715
4059.6747
4059.6783
4059.6814
4059.6847
4059.6879
4059.6915
4059.6946
4059.6979
4059.7012
4059.7047
4059.708
4059.7111
4059.7144
4059.7175
4059.7212
4059.7243
4059.7276
4059.7307
4059.7343
4059.7375
4059.7408
4059.7439
4059.7475
4059.7507
4059.754
4059.7571
4059.7607
4059.7639
4059.7672
4059.7703
4059.7739
4059.777
4059.7803
4059.7836
4059.7871
4059.7904
4059.7935
4059.7968
4059.8
4059.8036
4059.8067
4059.81
4059.8132
4059.8168
4059.8199
4059.8232
4059.8263
4059.83
4059.8331
4059.8364
4059.8395
4059.8432
4059.8463
4059.8496
4059.8527
4059.8564
4059.8595
4059.8628
4059.8661
4059.8695
4059.8728
4059.876
4059.8793
4059.8824
4059.886
4059.8892
4059.8925
4059.8956
4059.8992
4059.9024
4059.9056
4059.9088
4059.9124
4059.9155
4059.9188
4059.922
4059.9256
4059.9287
4059.932
4059.9352
4059.9388
4059.9419
4059.9452
4059.9485
4059.952
4059.9553
4059.9584
4059.9617
4059.9648
4059.9685
4059.9716
4059.9749
4059.978
4059.9817
4059.9848
4059.9881
4059.9912
4059.9948
4059.998
4060.0013
4060.0044
4060.008
4060.0112
4060.0145
4060.0176
4060.0212
4060.0244
4060.0277
4060.031
4060.0344
4060.0377
4060.0409
4060.0442
4060.0473
4060.0509
4060.054
4060.0573
4060.0605
4060.0641
4060.0672
4060.0705
4060.0737
4060.0773
4060.0804
4060.0837
4060.0869
4060.0905
4060.0936
4060.0969
4060.1
4060.1037
4060.1068
4060.1101
4060.1134
4060.1169
4060.1202
4060.1233
4060.1266
4060.1297
4060.1334
4060.1365
4060.1398
4060.1429
4060.1465
4060.1497
4060.153
4060.1561
4060.1597
4060.1629
4060.1662
4060.1693
4060.1729
4060.1761
4060.1794
4060.1825
4060.1861
4060.1893
4060.1926
4060.1959
4060.1993
4060.2026
4060.2057
4060.209
4060.2122
4060.2158
4060.2189
4060.2222
4060.2254
4060.229
4060.2321
4060.2354
4060.2386
4060.2422
4060.2453
4060.2486
4060.2518
4060.2554
4060.2585
4060.2618
4060.2649
4060.2686
4060.2717
4060.275
4060.2783
4060.2818
4060.2851
4060.2882
4060.2915
4060.2946
4060.2983
4060.3014
4060.3047
4060.3078
4060.3115
4060.3146
4060.3179
4060.321
4060.3246
4060.3278
4060.3311
4060.3342
4060.3378
4060.341
4060.3443
4060.3474
4060.351
4060.3542
4060.3575
4060.3608
4060.3642
4060.3675
4060.3707
4060.374
4060.3771
4060.3807
4060.3838
4060.3871
4060.3903
4060.3939
4060.397
4060.4003
4060.4035
4060.4071
4060.4102
4060.4135
4060.4167
4060.4203
4060.4234
4060.4267
4060.4299
4060.4335
4060.4366
4060.4399
4060.4432
4060.4467
4060.45
4060.4531
4060.4564
4060.4595
4060.4632
4060.4663
4060.4696
4060.4727
4060.4764
4060.4795
4060.4828
4060.4859
4060.4896
4060.4927
4060.496
4060.4991
4060.5028
4060.5059
4060.5092
4060.5123
4060.5159
4060.5191
4060.5224
4060.5257
4060.5291
4060.5324
4060.5356
4060.5389
4060.542
4060.5456
4060.5488
4060.5521
4060.5552
4060.5588
4060.562
4060.5653
4060.5684
4060.572
4060.5752
4060.5785
4060.5816
4060.5852
4060.5884
4060.5917
4060.5948
4060.5984
4060.6015
4060.6048
4060.6081
4060.6116
4060.6149
4060.618
4060.6213
4060.6245
4060.6281
4060.6312
4060.6345
4060.6377
4060.6413
4060.6444
4060.6477
4060.6509
4060.6545
4060.6576
4060.6609
4060.6641
4060.6677
4060.6708
4060.6741
4060.6773
4060.6809
4060.684
4060.6873
4060.6906
4060.6941
4060.6974
4060.7005
4060.7038
4060.7069
4060.7106
4060.7137
4060.717
4060.7201
4060.7238
4060.7269
4060.7302
4060.7333
4060.737
4060.7401
4060.7434
4060.7465
4060.7502
4060.7533
4060.7566
4060.7597
4060.7634
4060.7665
4060.7698
4060.7731
4060.7766
4060.7798
4060.783
4060.7863
4060.7894
4060.793
4060.7962
4060.7995
4060.8026
4060.8062
4060.8094
4060.8127
4060.8158
4060.8194
4060.8226
4060.8259
4060.829
4060.8326
4060.8358
4060.8391
4060.8422
4060.8458
4060.849
4060.8523
4060.8556
4060.859
4060.8623
4060.8655
4060.8688
4060.8719
4060.8755
4060.8787
4060.882
4060.8851
4060.8887
4060.8919
4060.8952
4060.8983
4060.9019
4060.905
4060.9083
4060.9115
4060.9151
4060.9182
4060.9215
4060.9247
4060.9283
4060.9314
4060.9347
4060.938
4060.9415
4060.9448
4060.9479
4060.9512
4060.9544
4060.958
4060.9611
4060.9644
4060.9676
4060.9712
4060.9743
4060.9776
4060.9808
4060.9844
4060.9875
4060.9908
4060.994
4060.9976
4061.0007
4061.004
4061.0072
4061.0108
4061.0139
4061.0172
4061.0205
4061.024
4061.0273
4061.0304
4061.0337
4061.0369
4061.0405
4061.0436
4061.0469
4061.0501
4061.0537
4061.0568
4061.0601
4061.0632
4061.0669
4061.07
4061.0733
4061.0764
4061.0801
4061.0832
4061.0865
4061.0896
4061.0933
4061.0964
4061.0997
4061.103
4061.1065
4061.1098
4061.1129
4061.1162
4061.1193
4061.123
4061.1261
4061.1294
4061.1325
4061.1362
4061.1393
4061.1426
4061.1457
4061.1494
4061.1525
4061.1558
4061.1589
4061.1626
4061.1657
4061.169
4061.1721
4061.1758
4061.1789
4061.1822
4061.1855
4061.189
4061.1923
4061.1954
4061.1987
4061.2018
4061.2055
4061.2086
4061.2119
4061.215
4061.2187
4061.2218
4061.2251
4061.2282
4061.2319
4061.235
4061.2383
4061.2414
4061.2451
4061.2482
4061.2515
4061.2546
4061.2583
4061.2614
4061.2647
4061.268
4061.2715
4061.2748
4061.2779
4061.2812
4061.2843
4061.288
4061.2911
4061.2944
4061.2975
4061.3012
4061.3043
4061.3076
4061.3107
4061.3144
4061.3175
4061.3208
4061.3239
4061.3276
4061.3307
4061.334
4061.3371
4061.3407
4061.3439
4061.3472
4061.3505
4061.3539
4061.3572
4061.3604
4061.3637
4061.3668
4061.3704
4061.3736
4061.3769
4061.38
4061.3836
4061.3868
4061.3901
4061.3932
4061.3968
4061.4
4061.4033
4061.4064
4061.41
4061.4132
4061.4165
4061.4196
4061.4232
4061.4264
4061.4297
4061.433
4061.4364
4061.4397
4061.4429
4061.4462
4061.4493
4061.4529
4061.4561
4061.4594
4061.4625
4061.4661
4061.4693
4061.4726
4061.4757
4061.4793
4061.4825
4061.4858
4061.4889
4061.4925
4061.4957
4061.499
4061.5021
4061.5057
4061.5089
4061.5122
4061.5155
4061.519
4061.5223
4061.5254
4061.5287
4061.5318
4061.5355
4061.5386
4061.5419
4061.545
4061.5487
4061.5518
4061.5551
4061.5582
4061.5619
4061.565
4061.5683
4061.5714
4061.5751
4061.5782
4061.5815
4061.5846
4061.5883
4061.5914
4061.5947
4061.598
4061.6015
4061.6048
4061.6079
4061.6112
4061.6143
4061.618
4061.6211
4061.6244
4061.6275
4061.6312
4061.6343
4061.6376
4061.6407
4061.6444
4061.6475
4061.6508
4061.6539
4061.6576
4061.6607
4061.664
4061.6671
4061.6708
4061.6739
4061.6772
4061.6805
4061.684
4061.6873
4061.6904
4061.6937
4061.6968
4061.7005
4061.7036
4061.7069
4061.71
4061.7137
4061.7168
4061.7201
4061.7232
4061.7269
4061.73
4061.7333
4061.7364
4061.7401
4061.7432
4061.7465
4061.7496
4061.7533
4061.7564
4061.7597
4061.763
4061.7665
4061.7698
4061.7729
4061.7762
4061.7793
4061.783
4061.7861
4061.7894
4061.7926
4061.7962
4061.7993
4061.8026
4061.8058
4061.8094
4061.8125
4061.8158
4061.819
4061.8226
4061.8257
4061.829
4061.8322
4061.8358
4061.8389
4061.8422
4061.8455
4061.849
4061.8523
4061.8554
4061.8587
4061.8619
4061.8655
4061.8686
4061.8719
4061.8751
4061.8787
4061.8818
4061.8851
4061.8883
4061.8919
4061.895
4061.8983
4061.9015
4061.9051
4061.9082
4061.9115
4061.9147
4061.9183
4061.9214
4061.9247
4061.928
4061.9315
4061.9348
4061.9379
4061.9412
4061.9444
4061.948
4061.9512
4061.9545
4061.9576
4061.9612
4061.9644
4061.9677
4061.9708
4061.9744
4061.9776
4061.9809
4061.984
4061.9876
4061.9908
4061.9941
4061.9972
4062.0008
4062.004
4062.0073
4062.0106
4062.014
4062.0173
4062.0205
4062.0238
4062.0269
4062.0305
4062.0337
4062.037
4062.0401
4062.0437
4062.0469
4062.0502
4062.0533
4062.0569
4062.0601
4062.0634
4062.0665
4062.0702
4062.0733
4062.0766
4062.0797
4062.0834
4062.0865
4062.0898
4062.0931
4062.0966
4062.0999
4062.103
4062.1063
4062.1094
4062.1131
4062.1162
4062.1195
4062.1226
4062.1263
4062.1294
4062.1327
4062.1358
4062.1395
4062.1426
4062.1459
4062.149
4062.1527
4062.1558
4062.1591
4062.1623
4062.1659
4062.169
4062.1723
4062.1756
4062.1791
4062.1824
4062.1855
4062.1888
4062.192
4062.1956
4062.1987
4062.202
4062.2052
4062.2088
4062.2119
4062.2152
4062.2184
4062.222
4062.2251
4062.2284
4062.2316
4062.2352
4062.2383
4062.2416
4062.2448
4062.2484
4062.2516
4062.2549
4062.2582
4062.2616
4062.2649
4062.2681
4062.2714
4062.2745
4062.2781
4062.2813
4062.2846
4062.2877
4062.2913
4062.2945
4062.2978
4062.3009
4062.3045
4062.3077
4062.311
4062.3141
4062.3177
4062.3209
4062.3242
4062.3273
4062.331
4062.3341
4062.3374
4062.3407
4062.3442
4062.3475
4062.3506
4062.3539
4062.357
4062.3607
4062.3638
4062.3671
4062.3702
4062.3739
4062.377
4062.3803
4062.3834
4062.3871
4062.3902
4062.3935
4062.3967
4062.4003
4062.4034
4062.4067
4062.4099
4062.4135
4062.4166
4062.4199
4062.4232
4062.4267
4062.43
4062.4331
4062.4364
4062.4396
4062.4432
4062.4463
4062.4496
4062.4528
4062.4564
4062.4595
4062.4629
4062.466
4062.4696
4062.4728
4062.4761
4062.4792
4062.4828
4062.486
4062.4893
4062.4924
4062.496
4062.4992
4062.5025
4062.5058
4062.5092
4062.5125
4062.5157
4062.519
4062.5221
4062.5257
4062.5289
4062.5322
4062.5353
4062.539
4062.5421
4062.5454
4062.5485
4062.5522
4062.5553
4062.5586
4062.5617
4062.5654
4062.5685
4062.5718
4062.5749
4062.5786
4062.5817
4062.585
4062.5883
4062.5918
4062.5951
4062.5982
4062.6015
4062.6047
4062.6083
4062.6114
4062.6147
4062.6179
4062.6215
4062.6246
4062.6279
4062.6311
4062.6347
4062.6378
4062.6411
4062.6443
4062.6479
4062.6511
4062.6544
4062.6575
4062.6611
4062.6643
4062.6676
4062.6709
4062.6743
4062.6776
4062.6808
4062.6841
4062.6872
4062.6908
4062.694
4062.6973
4062.7004
4062.7041
4062.7072
4062.7105
4062.7136
4062.7173
4062.7204
4062.7237
4062.7268
4062.7305
4062.7336
4062.7369
4062.74
4062.7437
4062.7468
4062.7501
4062.7534
4062.7569
4062.7602
4062.7633
4062.7666
4062.7698
4062.7734
4062.7765
4062.7798
4062.783
4062.7866
4062.7897
4062.793
4062.7962
4062.7998
4062.803
4062.8063
4062.8094
4062.813
4062.8162
4062.8195
4062.8226
4062.8262
4062.8294
4062.8327
4062.836
4062.8394
4062.8427
4062.8459
4062.8492
4062.8523
4062.856
4062.8591
4062.8624
4062.8655
4062.8692
4062.8723
4062.8756
4062.8787
4062.8824
4062.8855
4062.8888
4062.892
4062.8956
4062.8987
4062.902
4062.9052
4062.9088
4062.9119
4062.9152
4062.9185
4062.922
4062.9253
4062.9284
4062.9317
4062.9349
4062.9385
4062.9417
4062.945
4062.9481
4062.9517
4062.9549
4062.9582
4062.9613
4062.9649
4062.9681
4062.9714
4062.9745
4062.9781
4062.9813
4062.9846
4062.9877
4062.9914
4062.9945
4062.9978
4063.0011
4063.0046
4063.0079
4063.011
4063.0143
4063.0174
4063.0211
4063.0242
4063.0275
4063.0307
4063.0343
4063.0374
4063.0407
4063.0439
4063.0475
4063.0506
4063.0539
4063.0571
4063.0607
4063.0638
4063.0671
4063.0703
4063.0739
4063.0771
4063.0804
4063.0837
4063.0871
4063.0904
4063.0936
4063.0969
4063.1
4063.1036
4063.1068
4063.1101
4063.1132
4063.1169
4063.12
4063.1233
4063.1264
4063.1301
4063.1332
4063.1365
4063.1396
4063.1433
4063.1464
4063.1497
4063.1529
4063.1565
4063.1596
4063.1629
4063.1662
4063.1697
4063.173
4063.1761
4063.1794
4063.1826
4063.1862
4063.1894
4063.1927
4063.1958
4063.1994
4063.2026
4063.2059
4063.209
4063.2126
4063.2158
4063.2191
4063.2222
4063.2258
4063.229
4063.2323
4063.2354
4063.2391
4063.2422
4063.2455
4063.2488
4063.2523
4063.2556
4063.2587
4063.262
4063.2652
4063.2688
4063.2719
4063.2752
4063.2784
4063.282
4063.2851
4063.2884
4063.2916
4063.2952
4063.2984
4063.3017
4063.3048
4063.3084
4063.3116
4063.3149
4063.318
4063.3216
4063.3248
4063.3281
4063.3314
4063.3348
4063.3382
4063.3413
4063.3446
4063.3477
4063.3514
4063.3545
4063.3578
4063.3609
4063.3646
4063.3677
4063.371
4063.3742
4063.3778
4063.3809
4063.3842
4063.3874
4063.391
4063.3941
4063.3974
4063.4006
4063.4042
4063.4074
4063.4107
4063.414
4063.4174
4063.4207
4063.4239
4063.4272
4063.4303
4063.4339
4063.4371
4063.4404
4063.4435
4063.4472
4063.4503
4063.4536
4063.4567
4063.4604
4063.4635
4063.4668
4063.47
4063.4736
4063.4767
4063.48
4063.4832
4063.4868
4063.4899
4063.4932
4063.4965
4063.5
4063.5033
4063.5065
4063.5098
4063.5129
4063.5165
4063.5197
4063.523
4063.5261
4063.5297
4063.5329
4063.5362
4063.5393
4063.543
4063.5461
4063.5494
4063.5525
4063.5562
4063.5593
4063.5626
4063.5657
4063.5694
4063.5725
4063.5758
4063.5791
4063.5826
4063.5859
4063.589
4063.5923
4063.5955
4063.5991
4063.6023
4063.6056
4063.6087
4063.6123
4063.6155
4063.6188
4063.6219
4063.6255
4063.6287
4063.632
4063.6351
4063.6388
4063.6419
4063.6452
4063.6483
4063.652
4063.6551
4063.6584
4063.6617
4063.6652
4063.6685
4063.6716
4063.6749
4063.6781
4063.6817
4063.6848
4063.6881
4063.6913
4063.6949
4063.6981
4063.7014
4063.7045
4063.7081
4063.7113
4063.7146
4063.7177
4063.7213
4063.7245
4063.7278
4063.7309
4063.7346
4063.7377
4063.741
4063.7443
4063.7478
4063.7511
4063.7542
4063.7575
4063.7607
4063.7643
4063.7674
4063.7707
4063.7739
4063.7775
4063.7807
4063.784
4063.7871
4063.7907
4063.7939
4063.7972
4063.8003
4063.8039
4063.8071
4063.8104
4063.8135
4063.8172
4063.8203
4063.8236
4063.8269
4063.8304
4063.8337
4063.8368
4063.8401
4063.8433
4063.8469
4063.85
4063.8533
4063.8565
4063.8601
4063.8633
4063.8666
4063.8697
4063.8733
4063.8765
4063.8798
4063.8829
4063.8865
4063.8897
4063.893
4063.8961
4063.8998
4063.9029
4063.9062
4063.9095
4063.913
4063.9163
4063.9194
4063.9227
4063.9259
4063.9295
4063.9326
4063.9359
4063.9391
4063.9427
4063.9459
4063.9492
4063.9523
4063.9559
4063.9591
4063.9624
4063.9655
4063.9691
4063.9723
4063.9756
4063.9787
4063.9824
4063.9855
4063.9888
4063.9921
4063.9956
4063.9989
4064.002
4064.0053
4064.0085
4064.0121
4064.0152
4064.0185
4064.0217
4064.0253
4064.0285
4064.0318
4064.0349
4064.0385
4064.0417
4064.045
4064.0481
4064.0518
4064.0549
4064.0582
4064.0613
4064.065
4064.0681
4064.0714
4064.0747
4064.0782
4064.0815
4064.0846
4064.0879
4064.0911
4064.0947
4064.0978
4064.1011
4064.1043
4064.1079
4064.1111
4064.1144
4064.1175
4064.1211
4064.1243
4064.1276
4064.1307
4064.1344
4064.1375
4064.1408
4064.1439
4064.1476
4064.1507
4064.154
4064.1573
4064.1608
4064.1641
4064.1672
4064.1705
4064.1737
4064.1773
4064.1805
4064.1838
4064.1869
4064.1905
4064.1937
4064.197
4064.2001
4064.2038
4064.2069
4064.2102
4064.2133
4064.217
4064.2201
4064.2234
4064.2266
4064.2302
4064.2333
4064.2366
4064.2399
4064.2434
4064.2467
4064.2499
4064.2532
4064.2563
4064.2599
4064.2631
4064.2664
4064.2695
4064.2731
4064.2763
4064.2796
4064.2827
4064.2864
4064.2895
4064.2928
4064.296
4064.2996
4064.3027
4064.306
4064.3092
4064.3128
4064.3159
4064.3192
4064.3226
4064.326
4064.3293
4064.3325
4064.3358
4064.3389
4064.3425
4064.3457
4064.349
4064.3521
4064.3558
4064.3589
4064.3622
4064.3654
4064.369
4064.3721
4064.3754
4064.3786
4064.3822
4064.3853
4064.3886
4064.3918
4064.3954
4064.3986
4064.4019
4064.4052
4064.4086
4064.4119
4064.4151
4064.4184
4064.4215
4064.4252
4064.4283
4064.4316
4064.4348
4064.4384
4064.4415
4064.4448
4064.448
4064.4516
4064.4547
4064.4581
4064.4612
4064.4648
4064.468
4064.4713
4064.4744
4064.478
4064.4812
4064.4845
4064.4878
4064.4913
4064.4946
4064.4977
4064.501
4064.5042
4064.5078
4064.5109
4064.5142
4064.5174
4064.521
4064.5242
4064.5275
4064.5306
4064.5342
4064.5374
4064.5407
4064.5438
4064.5475
4064.5506
4064.5539
4064.557
4064.5607
4064.5638
4064.5671
4064.5704
4064.5739
4064.5772
4064.5803
4064.5836
4064.5868
4064.5904
4064.5936
4064.5969
4064.6
4064.6036
4064.6068
4064.6101
4064.6132
4064.6169
4064.62
4064.6233
4064.6264
4064.6301
4064.6332
4064.6365
4064.6397
4064.6433
4064.6464
4064.6497
4064.6531
4064.6565
4064.6598
4064.663
4064.6663
4064.6694
4064.673
4064.6762
4064.6795
4064.6826
4064.6863
4064.6894
4064.6927
4064.6959
4064.6995
4064.7026
4064.7059
4064.7091
4064.7127
4064.7159
4064.7192
4064.7223
4064.7259
4064.7291
4064.7324
4064.7357
4064.7392
4064.7425
4064.7456
4064.7489
4064.752
4064.7557
4064.7588
4064.7621
4064.7653
4064.7689
4064.772
4064.7754
4064.7785
4064.7821
4064.7853
4064.7886
4064.7917
4064.7953
4064.7985
4064.8018
4064.8049
4064.8086
4064.8117
4064.815
4064.8183
4064.8218
4064.8251
4064.8282
4064.8315
4064.8347
4064.8383
4064.8415
4064.8448
4064.8479
4064.8515
4064.8547
4064.858
4064.8611
4064.8648
4064.8679
4064.8712
4064.8744
4064.878
4064.8811
4064.8844
4064.8876
4064.8912
4064.8944
4064.8977
4064.901
4064.9044
4064.9077
4064.9109
4064.9142
4064.9173
4064.921
4064.9241
4064.9274
4064.9305
4064.9342
4064.9373
4064.9406
4064.9438
4064.9474
4064.9505
4064.9539
4064.957
4064.9606
4064.9638
4064.9671
4064.9702
4064.9739
4064.977
4064.9803
4064.9836
4064.9871
4064.9904
4064.9935
4064.9968
4065
4065.0036
4065.0067
4065.0101
4065.0132
4065.0168
4065.02
4065.0233
4065.0264
4065.0301
4065.0332
4065.0365
4065.0396
4065.0433
4065.0464
4065.0497
4065.0529
4065.0565
4065.0596
4065.0629
4065.0663
4065.0697
4065.073
4065.0762
4065.0795
4065.0826
4065.0863
4065.0894
4065.0927
4065.0958
4065.0995
4065.1026
4065.1059
4065.1091
4065.1127
4065.1158
4065.1191
4065.1223
4065.1259
4065.1291
4065.1324
4065.1355
4065.1391
4065.1423
4065.1456
4065.1489
4065.1524
4065.1557
4065.1588
4065.1621
4065.1653
4065.1689
4065.172
4065.1753
4065.1785
4065.1821
4065.1853
4065.1886
4065.1917
4065.1954
4065.1985
4065.2018
4065.2049
4065.2086
4065.2117
4065.215
4065.2182
4065.2218
4065.2249
4065.2282
4065.2316
4065.235
4065.2383
4065.2415
4065.2448
4065.2479
4065.2516
4065.2547
4065.258
4065.2611
4065.2648
4065.2679
4065.2712
4065.2744
4065.278
4065.2811
4065.2845
4065.2876
4065.2912
4065.2944
4065.2977
4065.3008
4065.3045
4065.3076
4065.3109
4065.3142
4065.3177
4065.321
4065.3241
4065.3274
4065.3306
4065.3342
4065.3374
4065.3407
4065.3438
4065.3474
4065.3506
4065.3539
4065.357
4065.3607
4065.3638
4065.3671
4065.3703
4065.3739
4065.377
4065.3803
4065.3835
4065.3871
4065.3903
4065.3936
4065.3969
4065.4003
4065.4036
4065.4068
4065.4101
4065.4132
4065.4169
4065.42
4065.4233
4065.4265
4065.4301
4065.4332
4065.4365
4065.4397
4065.4433
4065.4465
4065.4498
4065.4529
4065.4566
4065.4597
4065.463
4065.4661
4065.4698
4065.4729
4065.4762
4065.4795
4065.483
4065.4863
4065.4895
4065.4928
4065.4959
4065.4995
4065.5027
4065.506
4065.5091
4065.5128
4065.5159
4065.5192
4065.5224
4065.526
4065.5291
4065.5324
4065.5356
4065.5392
4065.5424
4065.5457
4065.5488
4065.5524
4065.5556
4065.5589
4065.5622
4065.5657
4065.569
4065.5721
4065.5754
4065.5786
4065.5822
4065.5853
4065.5887
4065.5918
4065.5954
4065.5986
4065.6019
4065.605
4065.6087
4065.6118
4065.6151
4065.6183
4065.6219
4065.625
4065.6283
4065.6315
4065.6351
4065.6383
4065.6416
4065.6449
4065.6483
4065.6516
4065.6548
4065.6581
4065.6612
4065.6649
4065.668
4065.6713
4065.6745
4065.6781
4065.6812
4065.6846
4065.6877
4065.6913
4065.6945
4065.6978
4065.7009
4065.7046
4065.7077
4065.711
4065.7142
4065.7178
4065.7209
4065.7242
4065.7275
4065.731
4065.7343
4065.7375
4065.7408
4065.7439
4065.7476
4065.7507
4065.754
4065.7571
4065.7608
4065.7639
4065.7672
4065.7704
4065.774
4065.7771
4065.7805
4065.7836
4065.7872
4065.7904
4065.7937
4065.7968
4065.8005
4065.8036
4065.8069
4065.8102
4065.8137
4065.817
4065.8201
4065.8234
4065.8266
4065.8302
4065.8334
4065.8367
4065.8398
4065.8435
4065.8466
4065.8499
4065.853
4065.8567
4065.8598
4065.8631
4065.8663
4065.8699
4065.8731
4065.8764
4065.8795
4065.8831
4065.8863
4065.8896
4065.8929
4065.8964
4065.8997
4065.9028
4065.9061
4065.9093
4065.9129
4065.9161
4065.9194
4065.9225
4065.9261
4065.9293
4065.9326
4065.9357
4065.9394
4065.9425
4065.9458
4065.949
4065.9526
4065.9557
4065.959
4065.9622
4065.9658
4065.969
4065.9723
4065.9756
4065.9791
4065.9824
4065.9855
4065.9888
4065.992
4065.9956
4065.9987
4066.002
4066.0052
4066.0088
4066.012
4066.0153
4066.0184
4066.0221
4066.0252
4066.0285
4066.0316
4066.0353
4066.0384
4066.0417
4066.0449
4066.0485
4066.0517
4066.055
4066.0583
4066.0617
4066.0651
4066.0682
4066.0715
4066.0746
4066.0783
4066.0814
4066.0847
4066.0879
4066.0915
4066.0947
4066.098
4066.1011
4066.1047
4066.1079
4066.1112
4066.1143
4066.118
4066.1211
4066.1244
4066.1276
4066.1312
4066.1343
4066.1377
4066.141
4066.1444
4066.1477
4066.1509
4066.1542
4066.1573
4066.161
4066.1641
4066.1674
4066.1706
4066.1742
4066.1773
4066.1807
4066.1838
4066.1874
4066.1906
4066.1939
4066.197
4066.2007
4066.2038
4066.2071
4066.2103
4066.2139
4066.217
4066.2203
4066.2237
4066.2271
4066.2304
4066.2336
4066.2369
4066.24
4066.2437
4066.2468
4066.2501
4066.2533
4066.2569
4066.26
4066.2633
4066.2665
4066.2701
4066.2733
4066.2766
4066.2797
4066.2834
4066.2865
4066.2898
4066.293
4066.2966
4066.2997
4066.303
4066.3064
4066.3098
4066.3131
4066.3163
4066.3196
4066.3227
4066.3264
4066.3295
4066.3328
4066.336
4066.3396
4066.3427
4066.346
4066.3492
4066.3528
4066.356
4066.3593
4066.3624
4066.3661
4066.3692
4066.3725
4066.3757
4066.3793
4066.3824
4066.3857
4066.3891
4066.3925
4066.3958
4066.399
4066.4023
4066.4054
4066.4091
4066.4122
4066.4155
4066.4187
4066.4223
4066.4254
4066.4287
4066.4319
4066.4355
4066.4387
4066.442
4066.4451
4066.4488
4066.4519
4066.4552
4066.4584
4066.462
4066.4651
4066.4684
4066.4718
4066.4752
4066.4785
4066.4817
4066.485
4066.4881
4066.4918
4066.4949
4066.4982
4066.5014
4066.505
4066.5081
4066.5115
4066.5146
4066.5182
4066.5214
4066.5247
4066.5278
4066.5315
4066.5346
4066.5379
4066.5411
4066.5447
4066.5478
4066.5512
4066.5545
4066.5579
4066.5612
4066.5644
4066.5677
4066.5708
4066.5745
4066.5776
4066.5809
4066.5841
4066.5877
4066.5909
4066.5942
4066.5973
4066.6009
4066.6041
4066.6074
4066.6105
4066.6142
4066.6173
4066.6206
4066.6238
4066.6274
4066.6306
4066.6339
4066.6372
4066.6406
4066.644
4066.6471
4066.6504
4066.6535
4066.6572
4066.6603
4066.6636
4066.6668
4066.6704
4066.6736
4066.6769
4066.68
4066.6837
4066.6868
4066.6901
4066.6933
4066.6969
4066.7
4066.7033
4066.7065
4066.7101
4066.7133
4066.7166
4066.7199
4066.7234
4066.7267
4066.7298
4066.7331
4066.7363
4066.7399
4066.743
4066.7464
4066.7495
4066.7531
4066.7563
4066.7596
4066.7627
4066.7664
4066.7695
4066.7728
4066.776
4066.7796
4066.7828
4066.7861
4066.7892
4066.7928
4066.796
4066.7993
4066.8026
4066.8061
4066.8094
4066.8125
4066.8158
4066.819
4066.8226
4066.8258
4066.8291
4066.8322
4066.8359
4066.839
4066.8423
4066.8455
4066.8491
4066.8522
4066.8555
4066.8587
4066.8623
4066.8655
4066.8688
4066.8719
4066.8756
4066.8787
4066.882
4066.8853
4066.8888
4066.8921
4066.8953
4066.8986
4066.9017
4066.9053
4066.9085
4066.9118
4066.9149
4066.9186
4066.9217
4066.925
4066.9282
4066.9318
4066.935
4066.9383
4066.9414
4066.9451
4066.9482
4066.9515
4066.9546
4066.9583
4066.9614
4066.9647
4066.968
4066.9715
4066.9748
4066.978
4066.9813
4066.9844
4066.9881
4066.9912
4066.9945
4066.9977
4067.0013
4067.0044
4067.0078
4067.0109
4067.0145
4067.0177
4067.021
4067.0241
4067.0278
4067.0309
4067.0342
4067.0374
4067.041
4067.0442
4067.0475
4067.0508
4067.0542
4067.0576
4067.0607
4067.064
4067.0672
4067.0708
4067.0739
4067.0772
4067.0804
4067.084
4067.0872
4067.0905
4067.0936
4067.0973
4067.1004
4067.1037
4067.1069
4067.1105
4067.1136
4067.117
4067.1201
4067.1237
4067.1269
4067.1302
4067.1335
4067.137
4067.1403
4067.1434
4067.1467
4067.1499
4067.1535
4067.1567
4067.16
4067.1631
4067.1668
4067.1699
4067.1732
4067.1764
4067.18
4067.1831
4067.1865
4067.1896
4067.1932
4067.1964
4067.1997
4067.2028
4067.2065
4067.2096
4067.2129
4067.2162
4067.2197
4067.223
4067.2262
4067.2295
4067.2326
4067.2363
4067.2394
4067.2427
4067.2459
4067.2495
4067.2526
4067.256
4067.2591
4067.2627
4067.2659
4067.2692
4067.2723
4067.276
4067.2791
4067.2824
4067.2856
4067.2892
4067.2924
4067.2957
4067.299
4067.3025
4067.3058
4067.3089
4067.3122
4067.3154
4067.319
4067.3221
4067.3255
4067.3286
4067.3322
4067.3354
4067.3387
4067.3418
4067.3455
4067.3486
4067.3519
4067.3551
4067.3587
4067.3619
4067.3652
4067.3683
4067.372
4067.3751
4067.3784
4067.3817
4067.3852
4067.3885
4067.3916
4067.395
4067.3981
4067.4017
4067.4049
4067.4082
4067.4113
4067.415
4067.4181
4067.4214
4067.4246
4067.4282
4067.4314
4067.4347
4067.4378
4067.4415
4067.4446
4067.4479
4067.4511
4067.4547
4067.4578
4067.4612
4067.4645
4067.4679
4067.4712
4067.4744
4067.4777
4067.4808
4067.4845
4067.4876
4067.4909
4067.4941
4067.4977
4067.5009
4067.5042
4067.5073
4067.511
4067.5141
4067.5174
4067.5206
4067.5242
4067.5273
4067.5307
4067.5338
4067.5374
4067.5406
4067.5439
4067.5472
4067.5507
4067.554
4067.5571
